3,3
10,134
10,252
10,198
10,164
10,110
10,272
10,242
10,1
10,176
10,2
10,3
11,7
11,13
11,5
11,29
11,22
11,15
11,1
11,27
11,2
11,3
0,498
9,7
9,4
9,1
9,6
9,2
9,3
8,11
8,4
8,14
8,5
8,10
396,3
396,2
396,1
396,0
203,1
203,0
164,264
164,129
164,128
164,127
164,126
164,125
164,124
164,123
164,122
164,121
164,120
164,119
164,118
164,117
164,116
164,115
164,114
164,113
164,112
164,111
164,110
164,109
164,108
164,107
164,106
164,105
164,104
164,103
164,102
164,101
164,100
164,99
164,98
164,97
164,96
164,95
164,94
164,93
164,92
164,91
164,90
164,89
164,88
164,87
164,86
164,85
164,84
164,83
164,82
164,81
164,80
164,79
164,78
164,77
164,76
164,75
164,74
164,73
164,72
164,71
164,70
164,69
164,68
164,67
164,66
164,65
164,64
164,35
164,34
164,33
164,32
164,31
164,30
164,29
164,28
164,27
164,26
164,25
164,24
164,23
164,22
164,1
20,3
20,2
20,1
19,3
19,2
19,1
